A = 5.000000
B = 36.000000
C = 476.000000
D = -0.958924
